0,566
0,387
0,407
0,423
0,561
0,416
0,541
0,404
0,518
0,539
0,471
2685,4
2685,3
2685,2
2685,1
2685,0
0,522
0,417
0,512
0,542
0,540
0,0
0,10
0,8
2689,6
2689,5
2689,4
2689,3
2689,2
2689,1
2689,0
14,3
13,3
0,268
0,267
0,266
0,2
0,243
0,265
0,469
0,264
0,391
0,263
0,262
0,261
0,260
0,259
0,258
0,399
0,257
0,569
0,256
0,255
0,254
0,253
0,252
0,251
0,427
0,250
0,521
0,249
0,248
0,247
0,246
0,245
0,244
0,482
0,242
0,556
0,241
0,240
0,239
0,238
0,237
0,236
0,547
0,235
0,480
0,234
0,233
0,232
0,231
0,230
0,229
0,546
0,228
0,565
0,227
0,226
0,225
0,224
0,223
0,222
0,221
0,220
0,219
0,218
0,217
0,216
0,215
0,214
0,213
0,212
0,211
0,210
0,209
0,208
0,207
0,206
0,205
0,463
0,203
0,304
0,202
0,194
0,193
0,483
0,61
0,53
0,51
0,50
0,49
0,6
0,197
0,196
0,451
0,195
2702,3
2702,2
2702,1
2702,0
0,4
0,476
0,297
0,294
0,58
0,316
0,57
0,575
0,55
0,54
0,478
0,52
0,484
2701,6
2701,5
2701,4
2701,3
2701,2
2701,1
2701,0
0,204
0,538
0,45
0,310
0,388
0,201
0,309
0,200
0,199
0,467
0,198
0,299
2700,5
2700,4
2700,3
2700,2
0,298
2700,1
2700,0
0,62
0,192
0,63
0,60
0,59
0,453
0,290
0,289
0,56
0,517
2699,4
2699,3
2699,2
0,284
2699,1
2699,0
2698,3
2698,2
2698,1
2698,0
0,308
0,435
0,564
0,464
2697,7
